Age Senior:0.112 Adult:0.5792 Adolescent:0.3088 
RiskAversion Cautious:0.0656 Normal:0.4848 Adventurous:0.4464 Psychopath:0.0032 
HomeBase Rural:0.1178 Suburb:0.1136 City:0.6774 Secure:0.0912 
GoodStudent False:0.8624 True:0.1376 
AntiTheft False:0.8064 True:0.1936 
MakeModel SuperLuxury:0.0048 Luxury:0.0272 FamilySedan:0.24 Economy:0.616 SportsCar:0.112 
DrivingSkill Expert:0.0192 Normal:0.0608 SubStandard:0.92 
CarValue Million:0.0576 FiftyThou:0.0832 TwentyThou:0.1168 TenThou:0.1344 FiveThou:0.608 
RuggedAuto Tank:0.0704 Football:0.3024 EggShell:0.6272 
Antilock False:0.8991 True:0.1009 
Airbag False:0.8688 True:0.1312 
Accident Severe:0.1536 Moderate:0.1152 Mild:0.3507 None:0.3805 
OtherCarCost Million:0.0704 HundredThou:0.0848 TenThou:0.0964 Thousand:0.7484 
Theft False:0.7563 True:0.2437 
ThisCarCost Million:0.0794 HundredThou:0.08 TenThou:0.127 Thousand:0.7136 
PropCost Million:0.0944 HundredThou:0.128 TenThou:0.2608 Thousand:0.5168 

Mileage Domino:0.0924 FiftyThou:0.243 TwentyThou:0.533 FiveThou:0.1316 
HomeBase Rural:0.1106 Suburb:0.0952 City:0.6962 Secure:0.098 
GoodStudent False:0.7682 True:0.2318 
AntiTheft False:0.8796 True:0.1204 
MakeModel SuperLuxury:0.0042 Luxury:0.0098 FamilySedan:0.3374 Economy:0.5254 SportsCar:0.1232 
DrivingSkill Expert:0.0784 Normal:0.3962 SubStandard:0.5254 
DrivQuality Excellent:0.2898 Normal:0.3094 Poor:0.4008 
RuggedAuto Tank:0.0728 Football:0.4116 EggShell:0.5156 
DrivHist Many:0.5156 One:0.2128 Zero:0.2716 
ThisCarDam Severe:0.0098 Moderate:0.014 Mild:0.014 None:0.9622 
OtherCarCost Million:0.0238 HundredThou:0.0168 TenThou:0.014 Thousand:0.9454 
ThisCarCost Million:0.0154 HundredThou:0.0126 TenThou:0.0098 Thousand:0.9622 
ILiCost Million:0.0224 HundredThou:0.0308 TenThou:0.0266 Thousand:0.9202 
PropCost Million:0.0196 HundredThou:0.0294 TenThou:0.2937 Thousand:0.6573 

HomeBase Rural:0.128 Suburb:0.11 City:0.706 Secure:0.056 
GoodStudent False:0.9151 True:0.0849 
MakeModel Luxury:0.003 FamilySedan:0.051 Economy:0.8752 SportsCar:0.0708 
DrivQuality Excellent:0.14 Normal:0.1717 Poor:0.6883 
Accident Severe:0.243 Moderate:0.079 Mild:0.11 None:0.568 
ThisCarDam Severe:0.233 Moderate:0.095 Mild:0.12 None:0.552 
OtherCarCost Million:0.143 HundredThou:0.248 TenThou:0.205 Thousand:0.404 
Theft False:0.8773 True:0.1227 
ThisCarCost Million:0.127 HundredThou:0.139 TenThou:0.276 Thousand:0.458 
MedCost Million:0.141 HundredThou:0.151 TenThou:0.154 Thousand:0.554 

Mileage Domino:0.0906 FiftyThou:0.343 TwentyThou:0.4642 FiveThou:0.1022 
SocioEcon Wealthy:0.0028 UpperMiddle:0.3859 Middle:0.5166 Prole:0.0947 
OtherCar False:0.1862 True:0.8138 
HomeBase Rural:0.1134 Suburb:0.4379 City:0.1617 Secure:0.287 
AntiTheft False:0.5172 True:0.4828 
CarValue Million:0.0405 FiftyThou:0.1106 TwentyThou:0.3668 TenThou:0.2707 FiveThou:0.2114 
Antilock False:0.3626 True:0.6374 
DrivHist Many:0.0714 One:0.0798 Zero:0.8488 
ThisCarDam Severe:0.028 Moderate:0.0294 Mild:0.0252 None:0.9174 
Cushioning Excellent:0.0896 Good:0.1697 Fair:0.28 Poor:0.4607 
OtherCarCost Million:0.021 HundredThou:0.0238 TenThou:0.0196 Thousand:0.9356 
Theft False:0.8861 True:0.1139 
ThisCarCost Million:0.0308 HundredThou:0.0258 TenThou:0.0518 Thousand:0.8916 
MedCost Million:0.0882 HundredThou:0.1064 TenThou:0.1008 Thousand:0.7046 

RiskAversion Cautious:0.1963 Normal:0.6475 Adventurous:0.151 Psychopath:0.0052 
OtherCar False:0.1807 True:0.8193 
HomeBase Rural:0.117 Suburb:0.3757 City:0.1235 Secure:0.3838 
MakeModel SuperLuxury:0.0117 Luxury:0.0156 FamilySedan:0.8297 Economy:0.0845 SportsCar:0.0585 
SeniorTrain False:0.9441 True:0.0559 
DrivingSkill Expert:0.0351 Normal:0.0611 SubStandard:0.9038 
CarValue Million:0.1144 FiftyThou:0.1485 TwentyThou:0.1651 TenThou:0.169 FiveThou:0.403 
Airbag False:0.7114 True:0.2886 
ThisCarDam Severe:0.535 Moderate:0.1729 Mild:0.1508 None:0.1413 
Cushioning Excellent:0.1664 Good:0.3078 Fair:0.3815 Poor:0.1443 
Theft False:0.6966 True:0.3034 
PropCost Million:0.2028 HundredThou:0.4472 TenThou:0.1612 Thousand:0.1888 
MedCost Million:0.234 HundredThou:0.2223 TenThou:0.2574 Thousand:0.2863 

Age Senior:0.1635 Adult:0.718 Adolescent:0.1185 
OtherCar False:0.4999 True:0.5001 
HomeBase Rural:0.0982 Suburb:0.108 City:0.7473 Secure:0.0465 
SeniorTrain False:0.9025 True:0.0975 
VehicleYear Older:0.9085 Current:0.0915 
DrivingSkill Expert:0.036 Normal:0.916 SubStandard:0.048 
CarValue Million:0.012 FiftyThou:0.0465 TwentyThou:0.141 TenThou:0.2294 FiveThou:0.5711 
RuggedAuto Tank:0.0225 Football:0.0465 EggShell:0.931 
Antilock False:0.922 True:0.078 
Airbag False:0.8725 True:0.1275 
DrivHist Many:0.117 One:0.105 Zero:0.778 
ThisCarDam Severe:0.012 Moderate:0.0135 Mild:0.027 None:0.9475 
OtherCarCost Million:0.0015 HundredThou:0.003 TenThou:0.003 Thousand:0.9925 
ILiCost Million:0.042 HundredThou:0.0255 TenThou:0.0345 Thousand:0.898 
MedCost Million:0.0874 HundredThou:0.108 TenThou:0.1011 Thousand:0.7035 

RiskAversion Cautious:0.1587 Normal:0.7854 Adventurous:0.0533 Psychopath:0.0026 
AntiTheft False:0.7996 True:0.2004 
MakeModel SuperLuxury:0.0078 Luxury:0.0195 FamilySedan:0.5008 Economy:0.4238 SportsCar:0.0481 
VehicleYear Older:0.8831 Current:0.1169 
DrivingSkill Expert:0.0481 Normal:0.9285 SubStandard:0.0234 
Airbag False:0.7033 True:0.2967 
Accident Severe:0.0117 Moderate:0.0156 Mild:0.0247 None:0.948 
Cushioning Excellent:0.1503 Good:0.3193 Fair:0.3861 Poor:0.1443 
OtherCarCost Million:0.0195 HundredThou:0.0234 TenThou:0.0104 Thousand:0.9467 
ThisCarCost Million:0.0143 HundredThou:0.0104 TenThou:0.013 Thousand:0.9623 
ILiCost Million:0.0325 HundredThou:0.0403 TenThou:0.0351 Thousand:0.8921 
PropCost Million:0.0247 HundredThou:0.0234 TenThou:0.2942 Thousand:0.6577 
MedCost Million:0.1807 HundredThou:0.2018 TenThou:0.1911 Thousand:0.4264 

Mileage Domino:0.0969 FiftyThou:0.3154 TwentyThou:0.4566 FiveThou:0.1311 
SocioEcon Wealthy:0.0076 UpperMiddle:0.1119 Middle:0.415 Prole:0.4655 
RiskAversion Cautious:0.1339 Normal:0.3854 Adventurous:0.4712 Psychopath:0.0095 
OtherCar False:0.3534 True:0.6466 
HomeBase Rural:0.1235 Suburb:0.2465 City:0.4541 Secure:0.1759 
GoodStudent False:0.7207 True:0.2793 
AntiTheft False:0.6878 True:0.3122 
MakeModel SuperLuxury:0.0057 Luxury:0.0095 FamilySedan:0.4859 Economy:0.3857 SportsCar:0.1132 
DrivingSkill Expert:0.0646 Normal:0.5497 SubStandard:0.3857 
DrivQuality Excellent:0.209 Normal:0.4699 Poor:0.3211 
CarValue Million:0.0247 FiftyThou:0.0494 TwentyThou:0.2071 TenThou:0.2552 FiveThou:0.4636 
RuggedAuto Tank:0.2318 Football:0.2944 EggShell:0.4738 
Airbag False:0.8379 True:0.1621 
Accident Severe:0.0475 Moderate:0.0475 Mild:0.0589 None:0.8461 
DrivHist Many:0.3572 One:0.171 Zero:0.4718 
ThisCarDam Severe:0.038 Moderate:0.0266 Mild:0.0494 None:0.886 
Cushioning Excellent:0.1368 Good:0.2225 Fair:0.2759 Poor:0.3648 
OtherCarCost Million:0.0095 HundredThou:0.0133 TenThou:0.0209 Thousand:0.9563 
ILiCost Million:0.0456 HundredThou:0.0361 TenThou:0.0513 Thousand:0.867 

Mileage Domino:0.072 FiftyThou:0.4216 TwentyThou:0.4296 FiveThou:0.0768 
Age Senior:0.1001 Adult:0.7847 Adolescent:0.1152 
RiskAversion Cautious:0.5392 Normal:0.3434 Adventurous:0.1078 Psychopath:0.0096 
OtherCar False:0.5312 True:0.4688 
HomeBase Rural:0.1264 Suburb:0.0944 City:0.6144 Secure:0.1648 
MakeModel SuperLuxury:0.0064 Luxury:0.0096 FamilySedan:0.1725 Economy:0.7219 SportsCar:0.0896 
DrivQuality Excellent:0.1568 Normal:0.776 Poor:0.0672 
CarValue Million:0.0128 FiftyThou:0.0544 TwentyThou:0.1344 TenThou:0.2287 FiveThou:0.5697 
RuggedAuto Tank:0.0656 Football:0.088 EggShell:0.8464 
Airbag False:0.9009 True:0.0991 
DrivHist Many:0.1328 One:0.1216 Zero:0.7456 
ThisCarDam Severe:0.0224 Moderate:0.0128 Mild:0.0192 None:0.9456 
OtherCarCost Million:0.016 HundredThou:0.0192 TenThou:0.0192 Thousand:0.9456 
ThisCarCost Million:0.0112 HundredThou:0.0144 TenThou:0.0304 Thousand:0.944 
ILiCost Million:0.0256 HundredThou:0.0304 TenThou:0.0304 Thousand:0.9136 
MedCost Million:0.12 HundredThou:0.1232 TenThou:0.0832 Thousand:0.6736 

RiskAversion Cautious:0.282 Normal:0.6632 Adventurous:0.0488 Psychopath:0.006 
GoodStudent False:0.7504 True:0.2496 
AntiTheft False:0.1284 True:0.8716 
MakeModel SuperLuxury:0.0168 Luxury:0.7288 FamilySedan:0.1188 Economy:0.0216 SportsCar:0.114 
DrivingSkill Expert:0.0712 Normal:0.8328 SubStandard:0.096 
RuggedAuto Tank:0.2124 Football:0.4636 EggShell:0.324 
Airbag False:0.1812 True:0.8188 
DrivHist Many:0.1584 One:0.1356 Zero:0.706 
Cushioning Excellent:0.2536 Good:0.3096 Fair:0.1956 Poor:0.2412 
ThisCarCost Million:0.0012 HundredThou:0.0048 TenThou:0.006 Thousand:0.988 
ILiCost Million:0.0216 HundredThou:0.0384 TenThou:0.0312 Thousand:0.9088 
MedCost Million:0.1896 HundredThou:0.1783 TenThou:0.1944 Thousand:0.4377 

